Voltages = [768, 560, 352, 912, 1344, 1640, 1864, 2024, 1496, 1056, 760, 552, 392, 928, 1344, 1648, 1864, 2032, 1488, 1088, 760, 552, 392, 896, 1336, 1656, 1888, 2040, 1496, 1040, 752, 536, 408, 904, 1336, 1648, 1856, 2016, 1504, 1072, 768, 552, 392, 920, 1352, 1648, 1864, 2024, 1472, 1064, 768, 544, 368, 936, 1344, 1648, 1824, 2016, 1488, 1080, 760, 560, 384, 920, 1352, 1656, 1888, 2008, 1520, 1064, 768, 528, 392, 920, 1336, 1648, 1888, 2000, 1496, 1048, 768, 544, 384, 912, 1344, 1648, 1864, 2032, 1504, 1072, 760, 528, 376, 904, 1352, 1640, 1880, 2008, 1504, 1072, 768, 544, 376, 936, 1336, 1648, 1872, 2008, 1488, 1064, 768, 552, 416, 936, 1336, 1640, 1856, 2024, 1504, 1080, 752, 560, 392, 904, 1336, 1640, 1888, 2040, 1504, 1072, 760, 552, 392, 920, 1336, 1640, 1872, 2024, 1512, 1096, 776, 584, 384, 904, 1336, 1640, 1824, 2024, 1504, 1064, 768, 536, 384, 904, 1336, 1640, 1848, 1984, 1512, 1088, 768, 576, 416, 920, 1336, 1640, 1888, 2016, 1496, 1088, 768, 552, 392, 888, 1328, 1632, 1872, 2016, 1512, 1096, 768, 552, 400, 888, 1344, 1648, 1848, 2040, 1504, 1080, 776, 544, 408, 904, 1336, 1624, 1872, 2008, 1520, 1072, 776, 544, 392, 912, 1328, 1632, 1864, 2040, 1520, 1104, 776, 544, 400, 896, 1328, 1648, 1848, 2032, 1496, 1064, 776, 568, 392, 904, 1328, 1632, 1856, 2016, 1536, 1064, 768, 520, 400, 896, 1320, 1632, 1864, 2024, 1488, 1088, 776, 552, 392, 912, 1320, 1640, 1856, 2040, 1520, 1104, 776, 560, 392, 880, 1328, 1640, 1800, 2032, 1544, 1088, 784, 552, 384, 928, 1328, 1632, 1880, 2000, 1512, 1120, 776, 544, 384, 888, 1328, 1632, 1824, 2008, 1512, 1080, 776, 552, 408, 888, 1336, 1640, 1848, 2024, 1536, 1088, 784, 560, 416, 920, 1320, 1624, 1848, 2008, 1528, 1104, 776, 560, 384, 912, 1368, 1640, 1872, 2024, 1520, 1120, 768, 520, 392, 888, 1328, 1632, 1848, 2032, 1512, 1112, 768, 568, 392, 896, 1328, 1608, 1856, 2032, 1528, 1072, 776, 560, 384, 888, 1320, 1632, 1864, 1984, 1512, 1096, 784, 560, 408, 864, 1320, 1640, 1832, 2040, 1520, 1120, 800, 528, 424, 880, 1336, 1632, 1864, 2016, 1528, 1080, 776, 568, 376, 872, 1320, 1640, 1824, 2016, 1536, 1104, 776, 560, 424, 896, 1336, 1632, 1864, 2000, 1560, 1096, 776, 552, 400, 880, 1368, 1624, 1856, 2000, 1512, 1104, 784, 560, 400, 896, 1288, 1624, 1856, 2016, 1528, 1072, 784, 528, 368, 872, 1312, 1632, 1848, 2016, 1504, 1072, 784, 576, 376, 888, 1320, 1632, 1856, 2040, 1536, 1112, 784, 568, 384, 864, 1320, 1624, 1832, 2008, 1528, 1096, 784, 568, 408, 880, 1296, 1616, 1848, 2016, 1528, 1088, 792, 552, 408, 888, 1312, 1624, 1840, 2032, 1544, 1104, 784, 568, 408, 880, 1312, 1632, 1872, 2032, 1520, 1128, 792, 592, 408, 880, 1320, 1624, 1872, 2040, 1544, 1096, 792, 552, 400, 880, 1312, 1616, 1856, 2000, 1528, 1096, 784, 552, 416, 848, 1304, 1616, 1840, 2008, 1552, 1104, 784, 552, 384, 848, 1304, 1632, 1848, 2016, 1536, 1112, 784, 552, 392, 840, 1312, 1624, 1848, 1992, 1544, 1088, 792, 560, 408, 832, 1304, 1624, 1848, 2016, 1544, 1136, 784, 568, 416, 872, 1320, 1624, 1848, 1984, 1544, 1112, 808, 568, 400, 864, 1328, 1584, 1840, 2016, 1544, 1104, 792, 576, 392, 872, 1296, 1624, 1848, 2000, 1568, 1120, 792, 568, 400, 840, 1296, 1632, 1840, 2016, 1552, 1120, 792, 568, 416, 856, 1296, 1616, 1848, 2008, 1552, 1112, 792, 576, 416, 872, 1280, 1608, 1840, 1984, 1568, 1144, 800, 576, 408, 864, 1288, 1624, 1840, 1992, 1544, 1136, 792, 568, 400, 872, 1296, 1616, 1840, 2032, 1568, 1112, 800, 568, 424, 832, 1312, 1608, 1848, 2000, 1560, 1112, 792, 568, 400, 864, 1280, 1616, 1848, 2008, 1560, 1120, 792, 568, 384, 856, 1296, 1632, 1848, 1992, 1552, 1120, 800, 560, 432, 840, 1280, 1616, 1848, 2008, 1568, 1120, 792, 560, 416, 1624, 1880, 1992, 1568, 1120, 808, 568, 408, 848, 1296, 1608, 1848, 2008, 1528, 1080, 776, 576, 392, 872, 1296, 1616, 1832, 2000, 1552, 1136, 816, 568, 408, 864, 1296, 1600, 1840, 2032, 1552, 1096, 824, 568, 416, 832, 1304, 1608, 1840, 2000, 1568, 1112, 816, 568, 392, 848, 1296, 1600, 1840, 1992, 1560, 1112, 808, 568, 416, 848, 1320, 1608, 1840, 2008, 1568, 1128, 800, 576, 400, 832, 1296, 1584, 1840, 1992, 1552, 1120, 792, 568, 416, 832, 1304, 1608, 1840, 2024, 1592, 1152, 768, 560, 384, 832, 1304, 1616, 1832, 2000, 1584, 1120, 800, 568, 416, 848, 1272, 1624, 1840, 2032, 1560, 1128, 792, 576, 416, 864, 1296, 1600, 1848, 2008, 1568, 1136, 816, 576, 384, 856, 1280, 1616, 1840, 2016, 1568, 1096, 792, 576, 424, 856, 1272, 1552, 1832, 1992, 1600, 1120, 800, 576, 376, 864, 1288, 1616, 1848, 2000, 1560, 1152, 776, 576, 408, 856, 1296, 1608, 1840, 2000, 1576, 1120, 808, 576, 416, 824, 1280, 1608, 1840, 1992, 1584, 1136, 784, 568, 416, 856, 1296, 1608, 1832, 2000, 1576, 1136, 784, 568, 416, 840, 1288, 1616, 1840, 1968, 1560, 1120, 800, 576, 400, 808, 1296, 1608, 1840, 2000, 1592, 1128, 784, 576, 400, 840, 1288, 1608, 1840, 1984, 1576, 1136, 800, 568, 400, 848, 1280, 1552, 1840, 2000, 1576, 1120, 816, 576, 400, 832, 1280, 1608, 1832, 2000, 1584, 1144, 776, 576, 392, 832, 1272, 1584, 1832, 2000, 1584, 1128, 864, 576, 392, 816, 1272, 1608, 1832, 1992, 1560, 1128, 808, 576, 408, 816, 1288, 1624, 1832, 2008, 1568, 1152, 800, 568, 408, 816, 1288, 1608, 1832, 2000, 1568, 1144, 808, 576, 416, 832, 1264, 1600, 1832, 2008, 1616, 1152, 816, 568, 416, 816, 1280, 1592, 1816, 1968, 1600, 1144, 816, 584, 416, 816, 1264, 1592, 1824, 2000, 1608, 1128, 800, 584, 360, 816, 1272, 1600, 1832, 2024, 1600, 1104, 784, 584, 416, 816, 1272, 1608, 1824, 1992, 1600, 1120, 792, 584, 400, 816, 1280, 1584, 1832, 2000, 1600, 1152, 816, 584, 424, 800, 1288, 1592, 1824, 2016, 1600, 1160, 816, 584, 424, 816, 1272, 1608, 1832, 1992, 1600, 1136, 816, 584, 424, 808, 1296, 1584, 1832, 2000, 1600, 1112, 800, 584, 432, 824, 1256, 1632, 1824, 2000, 1592, 1128, 792, 584, 432, 824, 1272, 1592, 1824, 1992, 1600, 1112, 816, 584, 408, 840, 1240, 1568, 1832, 1992, 1608, 1152, 832, 584, 408, 832, 1264, 1600, 1832, 2000, 1600, 1144, 856, 584, 424, 792, 1264, 1592, 1832, 2000, 1608, 1120, 816, 584, 400, 808, 1264, 1600, 1832, 1976, 1624, 1152, 824, 584, 400, 832, 1256, 1600, 1824, 1976, 1608, 1160, 808, 584, 440, 800, 1280, 1576, 1816, 1976, 1608, 1152, 816, 600, 416, 800, 1264, 1560, 1824, 2016, 1616, 1152, 848, 592, 416, 808, 1224, 1568, 1824, 2016, 1600, 1176, 792, 592, 432, 800, 1256, 1600, 1824, 1984, 1616, 1152, 816, 584, 424, 808, 1272, 1584, 1808, 1976, 1600, 1144, 848, 584, 408, 800, 1256, 1600, 1816, 2000, 1608, 1152, 816, 592, 408, 800, 1240, 1568, 1824, 1960, 1616, 1144, 816, 592, 432, 808, 1256, 1592, 1816, 1992, 1616, 1168, 848, 584, 424, 800, 1280, 1576, 1824, 1992, 1624, 1160, 832, 584, 416, 792, 1264, 1608, 1824, 2008, 1624, 1144, 832, 592, 432, 808, 1248, 1584, 1824, 1976, 1624, 1144, 840, 592, 416, 792, 1280, 1600, 1832, 1984, 1624, 1160, 864, 592, 424, 800, 1272, 1560, 1816, 1992, 1624, 1152, 816, 592, 424, 808, 1256, 1560, 1824, 2000, 1616, 1176, 824, 592, 424, 768, 1256, 1568, 1816, 1984, 1624, 1168, 840, 584, 424, 784, 1264, 1584, 1816, 1984, 1648, 1136, 816, 592, 424, 784, 1240, 1592, 1808, 1984, 1616, 1176, 840, 592, 424, 776, 1256, 1592, 1824, 2000, 1632, 1152, 832, 592, 424, 776, 1256, 1568, 1816, 1976, 1632, 1160, 840, 592, 424, 784, 1248, 1584, 1832, 1984, 1648, 1176, 832, 592, 424, 792, 1248, 1592, 1768, 1984, 1632, 1168, 824, 592, 416, 808, 1224, 1576, 1776, 1992, 1632, 1160, 824, 600, 408, 792, 1248, 1576, 1800, 1992, 1600, 1176, 816, 600, 416, 776, 1248, 1576, 1832, 1992, 1640, 1128, 832, 592, 424, 768, 1264, 1576, 1816, 1992, 1624, 1144, 808, 592, 424, 752, 1272, 1576, 1816, 1976, 1648, 1168, 816, 592, 432, 776, 1216, 1552, 1824, 1992, 1640, 1144, 832, 600, 432, 768, 1216, 1592, 1808, 1992, 1632, 1168, 832, 600, 432, 768, 1240, 1568, 1808, 1984, 1632, 1168, 840, 592, 432, 768, 1256, 1544, 1824, 1984, 1632, 1184, 848, 600, 432, 768, 1240, 1592, 1816, 1984, 1632, 1168, 832, 600, 424, 776, 1264, 1560, 1816, 1984, 1656, 1160, 832, 592, 432, 760, 1232, 1544, 1808, 1984, 1664, 1176, 840, 600, 432, 776, 1264, 1576, 1824, 1984, 1664, 1208, 840, 592, 440, 768, 1264, 1560, 1824, 1992, 1648, 1160, 832, 600, 432, 760, 1240, 1568, 1816, 1976, 